N_cyc (number of cycle)
100
OM_pre (preexisting OM)
13
VOC/NOx ratio
6.5
initial ROG concentration [ppb]
262
HO2(j)  RO2(j)  dROG(j)  Temp(j)  RH(j)  dSO4(j)  dNH4(j)
0 0 0 295.020158333333 0.819993127728721 0 0
9.68700563974376E-09 1.20620638950077E-08 0.17070859622595 295.043933333333 0.81940207883807 0.42 0
9.65837424138584E-09 1.20203399592294E-08 0.170593386160022 295.067933333333 0.818802039814855 0 0
9.66233517031785E-09 1.20245131480023E-08 0.17048110862703 295.091933333333 0.818202226300489 0 0
9.67599723340588E-09 1.20427276728969E-08 0.170369856798004 295.133858333333 0.816601012491144 0 0
9.69362484795899E-09 1.20673280979526E-08 0.170258941623956 295.184858333333 0.814497903469842 0 0
9.71248453096395E-09 1.20941523012167E-08 0.17014816491303 295.235858333333 0.812400986396453 0 0
9.7308478458274E-09 1.21203469230977E-08 0.170037449662004 295.278925 0.8107026447296 0 0
9.7475149172687E-09 1.21438449526134E-08 0.169926760854992 295.305925 0.809801765138984 0 0
9.76134748073599E-09 1.2162657082158E-08 0.169816073805976 295.332925 0.80890193708281 0 0
9.77454751648535E-09 1.2180531722446E-08 0.169705429647024 295.359925 0.808003159447864 0 0
9.78745573301581E-09 1.21980063266511E-08 0.169594844218011 295.383933333333 0.8068016588324 0 0
9.79974134538751E-09 1.22144846361948E-08 0.169484313297971 295.407933333333 0.805601319388233 0 0
9.81181700742356E-09 1.22306630350971E-08 0.169373845077985 295.431933333333 0.804402984918377 0 0
9.82376867396866E-09 1.22466732349943E-08 0.169263443393049 295.45195 0.80320240708066 0 0
9.83507818644139E-09 1.22616120599528E-08 0.169153099506957 295.46995 0.802001507182086 0 0
9.84597782074002E-09 1.22758752083362E-08 0.169042816288027 295.48795 0.800802396820332 0 0
2.51710878441602E-07 3.4757543356461E-07 0.179864951795992 295.513883333333 0.79957322119421 0 0
2.52005876870047E-07 3.48007987207067E-07 0.179747816190002 295.555883333333 0.79828150362229 0 0
1.27285954092775E-06 1.75519784674952E-06 0.225283504010008 295.597883333333 0.796991839934524 0 0
2.81030138429063E-06 3.87485693999237E-06 0.29366990692597 295.639883333333 0.795704227940412 0 0
5.11744875852536E-06 7.05498774986596E-06 0.395881509052003 295.780608333333 0.790846260456555 0 0
8.94975830111321E-06 1.23451097257678E-05 0.564766447935028 295.921608333333 0.786010855013575 0 0
1.33073588191864E-05 1.83602482832657E-05 0.75485229421696 296.062608333333 0.781207783711712 0 0
1.86676277383447E-05 2.57613830650857E-05 0.986257073409035 296.368916666666 0.770205900642677 0 0
2.45535661411753E-05 3.39143118977825E-05 1.23503176161199 296.758916666666 0.756295298993841 0 0
0.0000312127886059 4.31610682580809E-05 1.509931365456 297.148916666666 0.742668059108836 0 0
3.83601639937758E-05 5.31016655340454E-05 1.797123761492 297.61825 0.725607121957304 0 0
4.59732372705995E-05 0.000063723412406879 2.09195345441299 298.24825 0.701739952962152 0 0
5.41473951741159E-05 7.52026531397436E-05 2.39362541752502 298.87825 0.678770353263264 0 0
6.27442992323505E-05 8.73113446291175E-05 2.69565658059798 299.50825 0.656660786485496 0 0
7.14603594547454E-05 9.96196816089588E-05 2.98295813881501 300.072433333333 0.638241591957648 0 0
7.99353203906424E-05 0.000111577850725723 3.241153636495 300.636433333333 0.620422298833101 0 0
8.72105382006397E-05 0.000121872388957991 3.43228634058102 301.200433333333 0.603173484556381 0 0
9.57409317141809E-05 0.000133920281385485 3.649411031092 301.720616666666 0.586491644370409 0 0
0.000104151356866705 0.000145761636872003 3.839469330057 302.218616666666 0.570342945655098 0 0
0.000110164267916197 0.000154209708565939 3.92353775894799 302.716616666666 0.554699391359324 0 0
0.000119565346885101 0.000167365261545129 4.102950768266 303.277091666666 0.537970306885778 0 0
0.000123907551584603 0.000173475050780871 4.09059072746001 303.964091666666 0.518756692958156 0 0
0.000139221162978554 0.000195025055014898 4.39985785439299 304.651091666666 0.500327976778797 0 0
0.000146782649120271 0.000205681092955082 4.43153268781299 305.338091666666 0.482648486342535 0 0
0.00013786703232044 0.00019326405660677 3.980045824624 305.938333333333 0.469213820345281 0 0
0.0001567669086434 0.00021966348901371 4.317898513551 306.538333333333 0.456218954839294 0 0
0.000167094780283766 0.000233904064623512 4.37763119252702 307.138333333333 0.443638384485455 0 0
0.000173875365377694 0.000243078701407359 4.32441797396399 307.618833333333 0.433179838230175 0 0
0.000156065945117867 0.000217790383596314 3.69117626963401 308.038833333333 0.423855902788667 0 0
0.00019795299889819 0.000275483289911818 4.45295218055099 308.458833333333 0.414762364859779 0 0
0.000217907745405222 0.000302001358318583 4.62651413179398 308.931391666666 0.405055572726503 0 0
0.000228876887057431 0.000315774917753616 4.56407840643902 309.510391666666 0.39396679570743 0 0
0.00023611384547809 0.000324364296914548 4.406669790438 310.089391666666 0.383228647258464 0 0
0.000242024799096889 0.000330993094195991 4.22161987656099 310.668391666666 0.372828725458171 0 0
0.000194447663593738 0.000265130453499608 3.15843812207999 311.214483333333 0.364413377002645 0 0
0.000173958087039695 0.000236927733597301 2.67298020442701 311.760483333333 0.356219786024645 0 0
0.000260015539293727 0.000353280959654075 3.82529096963799 312.306483333333 0.348237056763407 0 0
0.000253713963878026 0.000343247528771077 3.47718932106503 312.985925 0.337592787556059 0 0
0.000155840253670395 0.000210733480050808 1.98073353718098 313.732925 0.325934926199322 0 0
0.000142762626777454 0.000193903482880203 1.74239123047101 314.479925 0.314742844555064 0 0
0.000144336687929837 0.000197155372242184 1.700093693052 315.038508333333 0.306808029701221 0 0
0.000192228504474317 0.000263710134327715 2.186077599416 315.215508333333 0.304724672697206 0 0
0.000357681030557132 0.000487585850605785 3.95346665955699 315.392508333333 0.302657344404109 0 0
0.000289086121354145 0.00039148173832032 2.911319794707 315.569508333333 0.300605913104776 0 0
0.000376658120155622 0.000505849143396726 3.60632030001901 315.976866666666 0.295047109345527 0 0
1.60867363337157E-05 1.94679765347679E-05 0.168149974946999 316.384866666666 0.289598287945899 0 0
8.11533597175524E-05 0.00011012625757086 0.714234539631008 316.792866666666 0.284266507905788 0 0
2.47940433020064E-05 3.31099952945226E-05 0.257981935543 316.888175 0.282897374824477 0 0
0.000531537474484538 0.000728225873755354 4.65938879833899 316.825175 0.283496704258428 0 0
6.06776249889706E-05 8.12238980825292E-05 0.470720742311997 316.762175 0.284097366951268 0 0
0.000295228791948827 0.000404779403491783 2.211195200986 316.956016666666 0.281613590989048 0 0
7.19839648435471E-05 9.75062397642831E-05 0.521080829536004 317.670016666666 0.273086890476752 0 0
2.45741381524068E-05 3.25898321775492E-05 0.212028071152005 318.384016666666 0.264860256271807 0 0
0.000334585278707895 0.000468012879901288 2.29932415786999 319.098016666666 0.25692186111658 0 0
5.57983551164492E-05 7.64435045387961E-05 0.38228065382701 318.767925 0.260452292400835 0 0
9.89000148584817E-05 0.00013877887353208 0.646343714501 318.434925 0.264071959942672 0 0
8.07518184168552E-05 0.000113454854070859 0.531796874480989 318.101925 0.267750439994287 0 0
6.47971532658492E-05 9.11122671443386E-05 0.434264348341003 318.081616666666 0.268198608649857 0 0
0.000129626101929687 0.000183876844347463 0.801973840257006 318.219616666666 0.266995816902481 0 0
0.000187526474831304 0.000266388211422497 1.106785772305 318.357616666666 0.265798587606845 0 0
0.000226766624675658 0.000321899932235837 1.280573997717 318.466858333333 0.264941004705629 0 0
0.000616682092827548 0.000870083964534934 3.454917844259 318.517858333333 0.26476150317067 0 0
0.000606525566312144 0.000845323574641301 3.059978868459 318.568858333333 0.264581403130115 0 0
0.000561836033013275 0.000775421706397976 2.55114808928799 318.619858333333 0.264400709607895 0 0
0.000610689036606494 0.000835732913552346 2.57926750369801 318.533241666666 0.265204800272822 0 0
0.00058830280722753 0.000797925890802506 2.26416375842 318.446241666666 0.266014337694399 0 0
0.000595327877522035 0.000801275961495602 2.11673216916941 318.359241666666 0.266826590595769 0 0
0.00061880408781811 0.000826783663003592 2.0467728301268 318.268258333333 0.268186360712698 0 0
0.000570317110405272 0.00075742664621032 1.7072484163451 318.175258333333 0.269831071723805 0 0
0.000704459176951222 0.000929684174263293 2.06530203148949 318.082258333333 0.271486263069368 0 0
0.000748049407483628 0.000978648005311474 2.0408262248732 317.822658333333 0.274695508112892 0 0
0.000765090974384541 0.000992190679684052 1.925284666953 317.225658333333 0.281147746144473 0 0
0.000798365641113136 0.00102510437006305 1.8888757965636 316.628658333333 0.287774546243058 0 0
0.000797018614800033 0.00101425652071604 1.73940491295831 316.031658333333 0.294581069518966 0 0
0.000638845443813261 0.000809637446692126 1.1692379218497 316.409941666666 0.290674745408097 0 0
0.000827518284177301 0.00104927868021179 1.55947463123479 316.790941666666 0.286795464414349 0 0
0.000851518954648217 0.00107910393478262 1.45539593568381 317.171941666666 0.282972599896109 0 0
0.000883575790837409 0.00112017488941382 1.3759810769991 317.104816666666 0.283795315705842 0 0
0.000939681234247848 0.00118948142983105 1.38293727116739 316.810816666666 0.286984641183566 0 0
0.000892233157659163 0.00112767324439972 1.15413516269051 316.516816666666 0.290214765333199 0 0
0.000994188449203776 0.00125449512311508 1.2809329136474 316.419166666666 0.291433233258728 0 0
0.00103385566686781 0.00130261422410866 1.23650011664179 316.719166666666 0.288528082119601 0 0
0.00112518543305995 0.00141782518137704 1.2727450315448 317.019166666666 0.285653118596947 0 0
0.00125290338584052 0.00157722084353779 1.3749635318503 317.319166666666 0.282808083278609 0 0